10
10
10
10
10
10
10
10
10
10
10
10
10
10
10
10
10
10
10
10
10
10
10
10
10
10
10
10
10
10
10
10
10
10
19
28
22
40
31
10
13
13
22
22
10
22
10
16
24
24
24
24
24
24
24
24
24
24
10
10
19
22
19
22
37
22
22
22
22
22
22
22
22
10
22
22
22
28
22
22
22
22
22
22
22
22
22
28
22
22
22
13
16
13
22
22
13
19
19
19
19
19
19
19
19
10
13
19
13
28
19
19
19
19
19
19
19
19
19
28
19
19
19
16
10
16
22
10
25
10
10
22
19
25
22
22
22
58
22
10
34
10
22
10
10
10
10
19
19
10
10
10
22
26
19
10
28
10
19
22
10
10
19
22
22
22
10
22
22
37
11
31
22
22
37
22
16
22
13
13
13
19
28
10
13
13
11
31
34
34
34
22
22
22
22
22
22
22
34
22
22
22
22
22
10
10
16
16
25
22
22
22
22
22
22
22
22
22
22
22
22
22
22
19
19
19
19
19
19
19
28
19
19
19
19
19
10
10
16
16
22
19
19
19
19
19
19
22
19
19
19
19
19
19
19
19